
- Tartanian7 50/100HU 200bb button opening frequencies (2.9M buttons)


Cards         | Fold          | Limp | 2x |  2.5x    |  3x       |  5x       | weight
------------- | ------------- | ---- | -------- | -------- | --------- |  -------- | ------
AAo | 0.0  | 4.7  | 21.4  | 40.7  | 30.5  | 2.8  | 250.05  |
AKs | 0.0  | 3.1  | 19.9  | 52.0  | 21.0  | 4.1  | 253.3  |
AQs | 0.0  | 11.5  | 17.5  | 27.0  | 39.7  | 4.2  | 242.6  |
AJs | 0.0  | 2.6  | 6.8  | 42.5  | 44.4  | 3.6  | 271.05  |
ATs | 0.0  | 1.8  | 23.8  | 42.0  | 29.7  | 2.6  | 254.7  |
A9s | 0.0  | 1.5  | 29.8  | 38.9  | 28.2  | 1.6  | 249.45  |
A8s | 0.0  | 1.3  | 26.7  | 38.8  | 33.2  | 0.0  | 250.0  |
A7s | 0.0  | 1.3  | 27.8  | 38.8  | 32.1  | 0.0  | 248.9  |
A6s | 0.0  | 9.8  | 29.5  | 43.0  | 17.6  | 0.0  | 219.3  |
A5s | 0.0  | 2.0  | 30.3  | 36.1  | 30.3  | 1.3  | 248.25  |
A4s | 0.0  | 3.7  | 30.8  | 41.2  | 24.3  | 0.0  | 237.5  |
A3s | 0.0  | 4.0  | 42.3  | 39.6  | 12.8  | 1.2  | 228.0  |
A2s | 0.0  | 17.9  | 32.4  | 30.2  | 16.3  | 3.2  | 205.2  |
AKo | 0.0  | 9.3  | 20.1  | 30.9  | 36.1  | 3.5  | 243.25  |
KKo | 0.0  | 5.9  | 23.2  | 36.5  | 31.1  | 3.4  | 247.95  |
KQs | 0.0  | 4.4  | 14.9  | 38.0  | 40.4  | 2.2  | 257.0  |
KJs | 0.0  | 2.8  | 19.5  | 44.0  | 32.2  | 1.5  | 253.1  |
KTs | 0.0  | 3.0  | 29.5  | 38.1  | 27.2  | 2.2  | 246.85  |
K9s | 0.0  | 2.5  | 30.2  | 40.3  | 27.1  | 0.0  | 242.45  |
K8s | 0.0  | 10.1  | 30.0  | 37.1  | 22.9  | 0.0  | 221.45  |
K7s | 0.0  | 7.0  | 30.3  | 41.1  | 21.6  | 0.0  | 228.15  |
K6s | 0.0  | 8.0  | 34.5  | 38.0  | 19.5  | 0.0  | 222.5  |
K5s | 0.0  | 14.6  | 34.6  | 37.0  | 13.7  | 0.0  | 202.8  |
K4s | 0.0  | 20.4  | 34.7  | 31.8  | 12.1  | 0.9  | 189.7  |
K3s | 0.0  | 20.7  | 29.2  | 24.6  | 22.3  | 3.1  | 202.3  |
K2s | 0.0  | 21.6  | 15.3  | 32.6  | 30.4  | 0.0  | 203.3  |
AQo | 0.0  | 2.0  | 22.5  | 43.5  | 30.1  | 1.8  | 253.05  |
KQo | 0.0  | 7.9  | 29.2  | 39.8  | 21.7  | 1.4  | 230.0  |
QQo | 0.0  | 8.3  | 23.0  | 34.8  | 30.6  | 3.4  | 241.8  |
QJs | 0.0  | 2.2  | 18.8  | 40.0  | 38.9  | 0.0  | 254.3  |
QTs | 0.0  | 1.8  | 22.4  | 43.9  | 30.4  | 1.5  | 253.25  |
Q9s | 0.0  | 0.0  | 36.7  | 42.5  | 20.9  | 0.0  | 242.35  |
Q8s | 0.0  | 13.0  | 33.1  | 37.8  | 16.1  | 0.0  | 209.0  |
Q7s | 0.0  | 19.7  | 27.5  | 34.6  | 18.3  | 0.0  | 196.4  |
Q6s | 0.0  | 15.2  | 31.7  | 37.1  | 16.0  | 0.0  | 204.15  |
Q5s | 0.0  | 17.7  | 30.9  | 34.0  | 17.4  | 0.0  | 199.0  |
Q4s | 0.0  | 23.5  | 29.1  | 29.1  | 18.3  | 0.0  | 185.85  |
Q3s | 0.0  | 20.4  | 27.9  | 27.3  | 24.4  | 0.0  | 197.25  |
Q2s | 0.0  | 17.1  | 21.8  | 30.3  | 30.7  | 0.0  | 211.45  |
AJo | 0.0  | 8.5  | 31.2  | 34.6  | 25.6  | 0.0  | 225.7  |
KJo | 0.0  | 10.4  | 31.0  | 35.2  | 22.4  | 1.0  | 222.2  |
QJo | 0.0  | 13.0  | 33.9  | 35.4  | 16.7  | 1.1  | 211.9  |
JJo | 0.0  | 7.4  | 21.4  | 38.2  | 30.1  | 2.9  | 243.1  |
JTs | 0.0  | 2.4  | 16.6  | 50.5  | 30.6  | 0.0  | 251.25  |
J9s | 0.0  | 3.6  | 27.5  | 42.4  | 25.2  | 1.3  | 243.1  |
J8s | 0.0  | 5.4  | 38.0  | 35.6  | 19.4  | 1.7  | 231.7  |
J7s | 0.0  | 19.7  | 27.4  | 32.5  | 20.5  | 0.0  | 197.55  |
J6s | 0.0  | 20.2  | 33.0  | 33.1  | 13.7  | 0.0  | 189.85  |
J5s | 0.0  | 21.4  | 29.4  | 32.5  | 16.7  | 0.0  | 190.15  |
J4s | 0.0  | 19.3  | 33.2  | 25.9  | 21.6  | 0.0  | 195.95  |
J3s | 0.0  | 19.3  | 25.4  | 37.5  | 16.5  | 1.3  | 200.55  |
J2s | 0.0  | 13.4  | 9.8  | 42.3  | 34.4  | 0.0  | 228.55  |
ATo | 0.0  | 10.9  | 25.6  | 36.9  | 26.6  | 0.0  | 223.25  |
KTo | 0.0  | 12.5  | 28.5  | 38.2  | 20.9  | 0.0  | 215.2  |
QTo | 0.0  | 14.6  | 32.0  | 34.6  | 18.8  | 0.0  | 206.9  |
JTo | 0.0  | 14.9  | 33.3  | 31.5  | 20.3  | 0.0  | 206.25  |
TTo | 0.0  | 3.5  | 27.9  | 41.7  | 27.0  | 0.0  | 241.05  |
T9s | 0.0  | 4.2  | 27.3  | 41.1  | 25.4  | 2.0  | 243.55  |
T8s | 0.0  | 4.3  | 33.9  | 37.1  | 22.8  | 1.8  | 237.95  |
T7s | 0.0  | 18.1  | 33.0  | 32.5  | 16.4  | 0.0  | 196.45  |
T6s | 0.0  | 21.0  | 23.1  | 36.8  | 19.0  | 0.0  | 195.2  |
T5s | 0.0  | 20.0  | 26.5  | 35.7  | 17.7  | 0.0  | 195.35  |
T4s | 0.0  | 19.4  | 19.1  | 33.1  | 28.4  | 0.0  | 206.15  |
T3s | 0.0  | 15.4  | 24.5  | 38.4  | 21.7  | 0.0  | 210.1  |
T2s | 0.0  | 5.4  | 26.3  | 41.8  | 26.4  | 0.0  | 236.3  |
A9o | 0.0  | 11.2  | 22.7  | 37.5  | 28.5  | 0.0  | 224.65  |
K9o | 0.0  | 13.0  | 25.1  | 39.0  | 22.9  | 0.0  | 216.4  |
Q9o | 0.0  | 15.9  | 25.9  | 35.2  | 23.0  | 0.0  | 208.8  |
J9o | 0.0  | 15.8  | 30.4  | 31.5  | 21.4  | 0.9  | 208.25  |
T9o | 0.0  | 14.8  | 29.9  | 33.1  | 22.1  | 0.0  | 208.85  |
99o | 0.0  | 3.7  | 29.4  | 39.6  | 27.3  | 0.0  | 239.7  |
98s | 0.0  | 3.5  | 31.6  | 36.4  | 26.0  | 2.5  | 244.7  |
97s | 0.0  | 11.0  | 31.2  | 34.8  | 20.4  | 2.6  | 223.6  |
96s | 0.0  | 22.0  | 22.5  | 33.7  | 21.8  | 0.0  | 194.65  |
95s | 0.0  | 13.8  | 28.4  | 36.5  | 21.4  | 0.0  | 212.25  |
94s | 0.0  | 6.5  | 23.5  | 45.4  | 24.7  | 0.0  | 234.6  |
93s | 0.0  | 11.2  | 33.4  | 35.4  | 20.0  | 0.0  | 215.3  |
92s | 0.0  | 4.4  | 22.0  | 33.7  | 36.1  | 3.6  | 254.55  |
A8o | 0.0  | 11.3  | 21.4  | 37.3  | 30.0  | 0.0  | 226.05  |
K8o | 0.0  | 8.1  | 23.7  | 41.0  | 27.3  | 0.0  | 231.8  |
Q8o | 0.0  | 8.5  | 25.9  | 37.5  | 26.6  | 1.6  | 233.35  |
J8o | 0.0  | 12.4  | 26.4  | 35.2  | 26.0  | 0.0  | 218.8  |
T8o | 0.0  | 14.6  | 27.7  | 32.0  | 25.7  | 0.0  | 212.5  |
98o | 0.0  | 15.5  | 29.5  | 33.4  | 21.6  | 0.0  | 207.3  |
88o | 0.0  | 4.6  | 30.0  | 39.7  | 25.7  | 0.0  | 236.35  |
87s | 0.0  | 4.4  | 27.2  | 36.5  | 27.8  | 4.1  | 249.55  |
86s | 0.0  | 8.6  | 29.3  | 33.1  | 26.7  | 2.2  | 232.45  |
85s | 0.0  | 16.0  | 18.7  | 39.9  | 25.5  | 0.0  | 213.65  |
84s | 0.0  | 8.4  | 33.8  | 32.6  | 23.1  | 2.1  | 228.9  |
83s | 0.0  | 10.7  | 31.0  | 31.4  | 24.1  | 2.8  | 226.8  |
82s | 0.0  | 8.0  | 21.7  | 40.4  | 27.3  | 2.5  | 238.8  |
A7o | 0.0  | 11.6  | 23.6  | 40.0  | 24.9  | 0.0  | 221.9  |
K7o | 0.0  | 10.4  | 25.1  | 38.6  | 25.9  | 0.0  | 224.4  |
Q7o | 0.0  | 8.7  | 33.3  | 42.0  | 16.1  | 0.0  | 219.9  |
J7o | 0.0  | 7.6  | 33.5  | 32.2  | 25.4  | 1.4  | 230.7  |
T7o | 0.0  | 6.1  | 26.4  | 39.7  | 26.3  | 1.4  | 237.95  |
97o | 0.0  | 9.3  | 30.2  | 35.9  | 23.4  | 1.2  | 226.35  |
87o | 0.0  | 17.6  | 29.1  | 33.1  | 20.2  | 0.0  | 201.55  |
77o | 0.0  | 6.5  | 31.4  | 39.3  | 22.7  | 0.0  | 229.15  |
76s | 0.0  | 4.9  | 22.7  | 36.7  | 32.4  | 3.2  | 250.35  |
75s | 0.0  | 7.8  | 26.4  | 37.5  | 26.1  | 2.2  | 235.85  |
74s | 0.0  | 13.2  | 28.1  | 37.2  | 21.5  | 0.0  | 213.7  |
73s | 0.0  | 11.2  | 35.9  | 29.5  | 21.7  | 1.7  | 219.15  |
72s | 0.0  | 23.0  | 22.7  | 30.7  | 19.3  | 4.4  | 202.05  |
A6o | 0.0  | 8.6  | 26.2  | 43.3  | 21.9  | 0.0  | 226.35  |
K6o | 0.0  | 10.4  | 29.5  | 43.5  | 16.6  | 0.0  | 217.55  |
Q6o | 0.0  | 12.4  | 35.5  | 37.1  | 13.4  | 1.6  | 211.95  |
J6o | 0.0  | 23.3  | 32.3  | 28.1  | 14.2  | 2.1  | 187.95  |
T6o | 0.0  | 6.3  | 32.2  | 35.3  | 24.5  | 1.6  | 234.15  |
96o | 0.0  | 6.7  | 27.7  | 38.1  | 25.6  | 1.9  | 236.95  |
86o | 0.0  | 12.3  | 26.2  | 36.0  | 23.9  | 1.5  | 221.6  |
76o | 0.0  | 16.6  | 28.3  | 34.0  | 21.2  | 0.0  | 205.2  |
66o | 0.0  | 8.9  | 30.6  | 36.0  | 23.3  | 1.2  | 227.1  |
65s | 0.0  | 4.3  | 17.2  | 41.9  | 33.3  | 3.3  | 255.55  |
64s | 0.0  | 6.2  | 23.3  | 30.8  | 38.2  | 1.6  | 246.2  |
63s | 0.0  | 4.2  | 29.8  | 38.3  | 27.6  | 0.0  | 238.15  |
62s | 0.0  | 9.9  | 24.5  | 37.1  | 25.2  | 3.3  | 233.85  |
A5o | 0.0  | 16.7  | 33.3  | 34.8  | 15.1  | 0.0  | 198.9  |
K5o | 0.0  | 7.2  | 40.6  | 36.7  | 15.4  | 0.0  | 219.15  |
Q5o | 0.0  | 8.7  | 40.4  | 31.9  | 18.0  | 1.0  | 219.55  |
J5o | 0.0  | 14.1  | 33.1  | 25.7  | 24.9  | 2.0  | 215.15  |
T5o | 0.0  | 35.1  | 23.3  | 23.2  | 17.1  | 1.4  | 162.9  |
95o | 0.0  | 29.2  | 21.5  | 31.6  | 17.6  | 0.0  | 174.8  |
85o | 0.0  | 13.9  | 28.5  | 37.2  | 18.3  | 2.1  | 215.4  |
75o | 0.0  | 13.7  | 26.0  | 36.5  | 22.7  | 1.1  | 216.85  |
65o | 0.0  | 14.4  | 27.2  | 34.3  | 24.1  | 0.0  | 212.45  |
55o | 0.0  | 8.9  | 28.3  | 37.2  | 24.4  | 1.2  | 228.8  |
54s | 0.0  | 4.3  | 22.4  | 38.7  | 31.9  | 2.7  | 250.75  |
53s | 0.0  | 7.9  | 25.8  | 42.1  | 24.2  | 0.0  | 229.45  |
52s | 0.0  | 7.4  | 31.9  | 32.9  | 25.5  | 2.3  | 234.05  |
A4o | 0.0  | 16.7  | 34.7  | 30.0  | 18.7  | 0.0  | 200.5  |
K4o | 0.0  | 7.1  | 36.1  | 33.5  | 21.0  | 2.3  | 230.45  |
Q4o | 0.0  | 9.0  | 38.5  | 25.8  | 24.7  | 2.0  | 225.6  |
J4o | 0.0  | 10.5  | 31.2  | 30.7  | 26.1  | 1.4  | 224.45  |
T4o | 0.0  | 16.1  | 23.1  | 36.2  | 22.5  | 2.2  | 215.2  |
94o | 22.4  | 71.9  | 1.6  | 3.0  | 1.2  | 0.0  | 14.076  |
84o | 0.0  | 64.9  | 15.6  | 15.4  | 4.0  | 0.0  | 81.7  |
74o | 0.0  | 37.4  | 20.2  | 26.8  | 13.9  | 1.8  | 158.1  |
64o | 0.0  | 8.7  | 25.8  | 34.9  | 29.2  | 1.5  | 233.95  |
54o | 0.0  | 16.7  | 25.6  | 33.0  | 24.6  | 0.0  | 207.5  |
44o | 0.0  | 10.9  | 25.9  | 36.0  | 26.0  | 1.1  | 225.3  |
43s | 0.0  | 7.6  | 19.2  | 38.2  | 32.9  | 2.1  | 243.1  |
42s | 0.0  | 10.4  | 25.9  | 40.7  | 23.0  | 0.0  | 222.55  |
A3o | 0.0  | 13.6  | 30.5  | 32.7  | 22.2  | 1.1  | 214.85  |
K3o | 0.0  | 20.7  | 36.7  | 25.5  | 17.1  | 0.0  | 188.45  |
Q3o | 0.0  | 31.9  | 24.1  | 19.0  | 23.0  | 2.0  | 174.7  |
J3o | 0.0  | 26.4  | 17.6  | 32.8  | 21.4  | 1.8  | 190.4  |
T3o | 0.0  | 56.7  | 11.4  | 19.3  | 11.4  | 1.2  | 111.25  |
93o | 100.0  | 0.0  | 0.0  | 0.0  | 0.0  | 0.0  | -1.0  |
83o | 100.0  | 0.0  | 0.0  | 0.0  | 0.0  | 0.0  | -1.0  |
73o | 97.0  | 3.0  | 0.0  | 0.0  | 0.0  | 0.0  | -0.97  |
63o | 0.0  | 61.3  | 14.8  | 14.6  | 7.5  | 1.7  | 97.1  |
53o | 0.0  | 12.7  | 21.0  | 36.5  | 28.2  | 1.6  | 225.85  |
43o | 0.0  | 14.1  | 26.1  | 35.5  | 22.4  | 2.0  | 218.15  |
33o | 0.0  | 9.5  | 24.2  | 38.5  | 26.3  | 1.5  | 231.05  |
32s | 0.0  | 9.4  | 26.8  | 39.1  | 24.7  | 0.0  | 225.45  |
A2o | 0.0  | 12.4  | 27.2  | 36.1  | 23.0  | 1.3  | 220.15  |
K2o | 0.0  | 33.5  | 17.5  | 24.8  | 22.4  | 1.9  | 173.7  |
Q2o | 0.0  | 44.2  | 6.9  | 30.4  | 16.7  | 1.7  | 148.4  |
J2o | 0.0  | 61.2  | 6.9  | 20.8  | 9.7  | 1.4  | 101.9  |
T2o | 90.7  | 9.3  | 0.0  | 0.0  | 0.0  | 0.0  | -0.907  |
92o | 100.0  | 0.0  | 0.0  | 0.0  | 0.0  | 0.0  | -1.0  |
82o | 100.0  | 0.0  | 0.0  | 0.0  | 0.0  | 0.0  | -1.0  |
72o | 100.0  | 0.0  | 0.0  | 0.0  | 0.0  | 0.0  | -1.0  |
62o | 100.0  | 0.0  | 0.0  | 0.0  | 0.0  | 0.0  | -1.0  |
52o | 88.1  | 11.9  | 0.0  | 0.0  | 0.0  | 0.0  | -0.881  |
42o | 100.0  | 0.0  | 0.0  | 0.0  | 0.0  | 0.0  | -1.0  |
32o | 100.0  | 0.0  | 0.0  | 0.0  | 0.0  | 0.0  | -1.0  |
22o | 0.0  | 7.8  | 25.5  | 35.9  | 29.0  | 1.7  | 236.25  |
