
- Tartanian7 50/100HU 200bb button opening frequencies (2.9M hands)


Cards         | Fold          | Limp | Minraise | 2x |
------------- | ------------- | ---- | -------- | -- |
Content Cell  | Content Cell  | xx   | xxxxxxxx | x  |


Cards         | Fold          | Limp | Minraise | 2x | 2.5x | 3x | 5x |
------------- | ------------- | ---- | -------- | -- | ---- | -- | -- |
Content Cell  | Content Cell  | xx   | xxxxxxxx | xx |  xx  | x  | x  | 

AAo | 0.0  | 4.7  | 21.4  | 40.7  | 30.5  | 2.8  |
AKs | 0.0  | 3.1  | 19.9  | 52.0  | 21.0  | 4.1  |
AQs | 0.0  | 11.5  | 17.5  | 27.0  | 39.7  | 4.2  |
AJs | 0.0  | 2.6  | 6.8  | 42.5  | 44.4  | 3.6  |
ATs | 0.0  | 1.8  | 23.8  | 42.0  | 29.7  | 2.6  |
A9s | 0.0  | 1.5  | 29.8  | 38.9  | 28.2  | 1.6  |
A8s | 0.0  | 1.3  | 26.7  | 38.8  | 33.2  | 0.0  |
A7s | 0.0  | 1.3  | 27.8  | 38.8  | 32.1  | 0.0  |
A6s | 0.0  | 9.8  | 29.5  | 43.0  | 17.6  | 0.0  |
A5s | 0.0  | 2.0  | 30.3  | 36.1  | 30.3  | 1.3  |
A4s | 0.0  | 3.7  | 30.8  | 41.2  | 24.3  | 0.0  |
A3s | 0.0  | 4.0  | 42.3  | 39.6  | 12.8  | 1.2  |
A2s | 0.0  | 17.9  | 32.4  | 30.2  | 16.3  | 3.2  |
AKo | 0.0  | 9.3  | 20.1  | 30.9  | 36.1  | 3.5  |
KKo | 0.0  | 5.9  | 23.2  | 36.5  | 31.1  | 3.4  |
KQs | 0.0  | 4.4  | 14.9  | 38.0  | 40.4  | 2.2  |
KJs | 0.0  | 2.8  | 19.5  | 44.0  | 32.2  | 1.5  |
KTs | 0.0  | 3.0  | 29.5  | 38.1  | 27.2  | 2.2  |
K9s | 0.0  | 2.5  | 30.2  | 40.3  | 27.1  | 0.0  |
K8s | 0.0  | 10.1  | 30.0  | 37.1  | 22.9  | 0.0  |
K7s | 0.0  | 7.0  | 30.3  | 41.1  | 21.6  | 0.0  |
K6s | 0.0  | 8.0  | 34.5  | 38.0  | 19.5  | 0.0  |
K5s | 0.0  | 14.6  | 34.6  | 37.0  | 13.7  | 0.0  |
K4s | 0.0  | 20.4  | 34.7  | 31.8  | 12.1  | 0.9  |
K3s | 0.0  | 20.7  | 29.2  | 24.6  | 22.3  | 3.1  |
K2s | 0.0  | 21.6  | 15.3  | 32.6  | 30.4  | 0.0  |
AQo | 0.0  | 2.0  | 22.5  | 43.5  | 30.1  | 1.8  |
KQo | 0.0  | 7.9  | 29.2  | 39.8  | 21.7  | 1.4  |
QQo | 0.0  | 8.3  | 23.0  | 34.8  | 30.6  | 3.4  |
QJs | 0.0  | 2.2  | 18.8  | 40.0  | 38.9  | 0.0  |
QTs | 0.0  | 1.8  | 22.4  | 43.9  | 30.4  | 1.5  |
Q9s | 0.0  | 0.0  | 36.7  | 42.5  | 20.9  | 0.0  |
Q8s | 0.0  | 13.0  | 33.1  | 37.8  | 16.1  | 0.0  |
Q7s | 0.0  | 19.7  | 27.5  | 34.6  | 18.3  | 0.0  |
Q6s | 0.0  | 15.2  | 31.7  | 37.1  | 16.0  | 0.0  |
Q5s | 0.0  | 17.7  | 30.9  | 34.0  | 17.4  | 0.0  |
Q4s | 0.0  | 23.5  | 29.1  | 29.1  | 18.3  | 0.0  |
Q3s | 0.0  | 20.4  | 27.9  | 27.3  | 24.4  | 0.0  |
Q2s | 0.0  | 17.1  | 21.8  | 30.3  | 30.7  | 0.0  |
AJo | 0.0  | 8.5  | 31.2  | 34.6  | 25.6  | 0.0  |
KJo | 0.0  | 10.4  | 31.0  | 35.2  | 22.4  | 1.0  |
QJo | 0.0  | 13.0  | 33.9  | 35.4  | 16.7  | 1.1  |
JJo | 0.0  | 7.4  | 21.4  | 38.2  | 30.1  | 2.9  |
JTs | 0.0  | 2.4  | 16.6  | 50.5  | 30.6  | 0.0  |
J9s | 0.0  | 3.6  | 27.5  | 42.4  | 25.2  | 1.3  |
J8s | 0.0  | 5.4  | 38.0  | 35.6  | 19.4  | 1.7  |
J7s | 0.0  | 19.7  | 27.4  | 32.5  | 20.5  | 0.0  |
J6s | 0.0  | 20.2  | 33.0  | 33.1  | 13.7  | 0.0  |
J5s | 0.0  | 21.4  | 29.4  | 32.5  | 16.7  | 0.0  |
J4s | 0.0  | 19.3  | 33.2  | 25.9  | 21.6  | 0.0  |
J3s | 0.0  | 19.3  | 25.4  | 37.5  | 16.5  | 1.3  |
J2s | 0.0  | 13.4  | 9.8  | 42.3  | 34.4  | 0.0  |
ATo | 0.0  | 10.9  | 25.6  | 36.9  | 26.6  | 0.0  |
KTo | 0.0  | 12.5  | 28.5  | 38.2  | 20.9  | 0.0  |
QTo | 0.0  | 14.6  | 32.0  | 34.6  | 18.8  | 0.0  |
JTo | 0.0  | 14.9  | 33.3  | 31.5  | 20.3  | 0.0  |
TTo | 0.0  | 3.5  | 27.9  | 41.7  | 27.0  | 0.0  |
T9s | 0.0  | 4.2  | 27.3  | 41.1  | 25.4  | 2.0  |
T8s | 0.0  | 4.3  | 33.9  | 37.1  | 22.8  | 1.8  |
T7s | 0.0  | 18.1  | 33.0  | 32.5  | 16.4  | 0.0  |
T6s | 0.0  | 21.0  | 23.1  | 36.8  | 19.0  | 0.0  |
T5s | 0.0  | 20.0  | 26.5  | 35.7  | 17.7  | 0.0  |
T4s | 0.0  | 19.4  | 19.1  | 33.1  | 28.4  | 0.0  |
T3s | 0.0  | 15.4  | 24.5  | 38.4  | 21.7  | 0.0  |
T2s | 0.0  | 5.4  | 26.3  | 41.8  | 26.4  | 0.0  |
A9o | 0.0  | 11.2  | 22.7  | 37.5  | 28.5  | 0.0  |
K9o | 0.0  | 13.0  | 25.1  | 39.0  | 22.9  | 0.0  |
Q9o | 0.0  | 15.9  | 25.9  | 35.2  | 23.0  | 0.0  |
J9o | 0.0  | 15.8  | 30.4  | 31.5  | 21.4  | 0.9  |
T9o | 0.0  | 14.8  | 29.9  | 33.1  | 22.1  | 0.0  |
99o | 0.0  | 3.7  | 29.4  | 39.6  | 27.3  | 0.0  |
98s | 0.0  | 3.5  | 31.6  | 36.4  | 26.0  | 2.5  |
97s | 0.0  | 11.0  | 31.2  | 34.8  | 20.4  | 2.6  |
96s | 0.0  | 22.0  | 22.5  | 33.7  | 21.8  | 0.0  |
95s | 0.0  | 13.8  | 28.4  | 36.5  | 21.4  | 0.0  |
94s | 0.0  | 6.5  | 23.5  | 45.4  | 24.7  | 0.0  |
93s | 0.0  | 11.2  | 33.4  | 35.4  | 20.0  | 0.0  |
92s | 0.0  | 4.4  | 22.0  | 33.7  | 36.1  | 3.6  |
A8o | 0.0  | 11.3  | 21.4  | 37.3  | 30.0  | 0.0  |
K8o | 0.0  | 8.1  | 23.7  | 41.0  | 27.3  | 0.0  |
Q8o | 0.0  | 8.5  | 25.9  | 37.5  | 26.6  | 1.6  |
J8o | 0.0  | 12.4  | 26.4  | 35.2  | 26.0  | 0.0  |
T8o | 0.0  | 14.6  | 27.7  | 32.0  | 25.7  | 0.0  |
98o | 0.0  | 15.5  | 29.5  | 33.4  | 21.6  | 0.0  |
88o | 0.0  | 4.6  | 30.0  | 39.7  | 25.7  | 0.0  |
87s | 0.0  | 4.4  | 27.2  | 36.5  | 27.8  | 4.1  |
86s | 0.0  | 8.6  | 29.3  | 33.1  | 26.7  | 2.2  |
85s | 0.0  | 16.0  | 18.7  | 39.9  | 25.5  | 0.0  |
84s | 0.0  | 8.4  | 33.8  | 32.6  | 23.1  | 2.1  |
83s | 0.0  | 10.7  | 31.0  | 31.4  | 24.1  | 2.8  |
82s | 0.0  | 8.0  | 21.7  | 40.4  | 27.3  | 2.5  |
A7o | 0.0  | 11.6  | 23.6  | 40.0  | 24.9  | 0.0  |
K7o | 0.0  | 10.4  | 25.1  | 38.6  | 25.9  | 0.0  |
Q7o | 0.0  | 8.7  | 33.3  | 42.0  | 16.1  | 0.0  |
J7o | 0.0  | 7.6  | 33.5  | 32.2  | 25.4  | 1.4  |
T7o | 0.0  | 6.1  | 26.4  | 39.7  | 26.3  | 1.4  |
97o | 0.0  | 9.3  | 30.2  | 35.9  | 23.4  | 1.2  |
87o | 0.0  | 17.6  | 29.1  | 33.1  | 20.2  | 0.0  |
77o | 0.0  | 6.5  | 31.4  | 39.3  | 22.7  | 0.0  |
76s | 0.0  | 4.9  | 22.7  | 36.7  | 32.4  | 3.2  |
75s | 0.0  | 7.8  | 26.4  | 37.5  | 26.1  | 2.2  |
74s | 0.0  | 13.2  | 28.1  | 37.2  | 21.5  | 0.0  |
73s | 0.0  | 11.2  | 35.9  | 29.5  | 21.7  | 1.7  |
72s | 0.0  | 23.0  | 22.7  | 30.7  | 19.3  | 4.4  |
A6o | 0.0  | 8.6  | 26.2  | 43.3  | 21.9  | 0.0  |
K6o | 0.0  | 10.4  | 29.5  | 43.5  | 16.6  | 0.0  |
Q6o | 0.0  | 12.4  | 35.5  | 37.1  | 13.4  | 1.6  |
J6o | 0.0  | 23.3  | 32.3  | 28.1  | 14.2  | 2.1  |
T6o | 0.0  | 6.3  | 32.2  | 35.3  | 24.5  | 1.6  |
96o | 0.0  | 6.7  | 27.7  | 38.1  | 25.6  | 1.9  |
86o | 0.0  | 12.3  | 26.2  | 36.0  | 23.9  | 1.5  |
76o | 0.0  | 16.6  | 28.3  | 34.0  | 21.2  | 0.0  |
66o | 0.0  | 8.9  | 30.6  | 36.0  | 23.3  | 1.2  |
65s | 0.0  | 4.3  | 17.2  | 41.9  | 33.3  | 3.3  |
64s | 0.0  | 6.2  | 23.3  | 30.8  | 38.2  | 1.6  |
63s | 0.0  | 4.2  | 29.8  | 38.3  | 27.6  | 0.0  |
62s | 0.0  | 9.9  | 24.5  | 37.1  | 25.2  | 3.3  |
A5o | 0.0  | 16.7  | 33.3  | 34.8  | 15.1  | 0.0  |
K5o | 0.0  | 7.2  | 40.6  | 36.7  | 15.4  | 0.0  |
Q5o | 0.0  | 8.7  | 40.4  | 31.9  | 18.0  | 1.0  |
J5o | 0.0  | 14.1  | 33.1  | 25.7  | 24.9  | 2.0  |
T5o | 0.0  | 35.1  | 23.3  | 23.2  | 17.1  | 1.4  |
95o | 0.0  | 29.2  | 21.5  | 31.6  | 17.6  | 0.0  |
85o | 0.0  | 13.9  | 28.5  | 37.2  | 18.3  | 2.1  |
75o | 0.0  | 13.7  | 26.0  | 36.5  | 22.7  | 1.1  |
65o | 0.0  | 14.4  | 27.2  | 34.3  | 24.1  | 0.0  |
55o | 0.0  | 8.9  | 28.3  | 37.2  | 24.4  | 1.2  |
54s | 0.0  | 4.3  | 22.4  | 38.7  | 31.9  | 2.7  |
53s | 0.0  | 7.9  | 25.8  | 42.1  | 24.2  | 0.0  |
52s | 0.0  | 7.4  | 31.9  | 32.9  | 25.5  | 2.3  |
A4o | 0.0  | 16.7  | 34.7  | 30.0  | 18.7  | 0.0  |
K4o | 0.0  | 7.1  | 36.1  | 33.5  | 21.0  | 2.3  |
Q4o | 0.0  | 9.0  | 38.5  | 25.8  | 24.7  | 2.0  |
J4o | 0.0  | 10.5  | 31.2  | 30.7  | 26.1  | 1.4  |
T4o | 0.0  | 16.1  | 23.1  | 36.2  | 22.5  | 2.2  |
94o | 22.4  | 71.9  | 1.6  | 3.0  | 1.2  | 0.0  |
84o | 0.0  | 64.9  | 15.6  | 15.4  | 4.0  | 0.0  |
74o | 0.0  | 37.4  | 20.2  | 26.8  | 13.9  | 1.8  |
64o | 0.0  | 8.7  | 25.8  | 34.9  | 29.2  | 1.5  |
54o | 0.0  | 16.7  | 25.6  | 33.0  | 24.6  | 0.0  |
44o | 0.0  | 10.9  | 25.9  | 36.0  | 26.0  | 1.1  |
43s | 0.0  | 7.6  | 19.2  | 38.2  | 32.9  | 2.1  |
42s | 0.0  | 10.4  | 25.9  | 40.7  | 23.0  | 0.0  |
A3o | 0.0  | 13.6  | 30.5  | 32.7  | 22.2  | 1.1  |
K3o | 0.0  | 20.7  | 36.7  | 25.5  | 17.1  | 0.0  |
Q3o | 0.0  | 31.9  | 24.1  | 19.0  | 23.0  | 2.0  |
J3o | 0.0  | 26.4  | 17.6  | 32.8  | 21.4  | 1.8  |
T3o | 0.0  | 56.7  | 11.4  | 19.3  | 11.4  | 1.2  |
93o | 100.0  | 0.0  | 0.0  | 0.0  | 0.0  | 0.0  |
83o | 100.0  | 0.0  | 0.0  | 0.0  | 0.0  | 0.0  |
73o | 97.0  | 3.0  | 0.0  | 0.0  | 0.0  | 0.0  |
63o | 0.0  | 61.3  | 14.8  | 14.6  | 7.5  | 1.7  |
53o | 0.0  | 12.7  | 21.0  | 36.5  | 28.2  | 1.6  |
43o | 0.0  | 14.1  | 26.1  | 35.5  | 22.4  | 2.0  |
33o | 0.0  | 9.5  | 24.2  | 38.5  | 26.3  | 1.5  |
32s | 0.0  | 9.4  | 26.8  | 39.1  | 24.7  | 0.0  |
A2o | 0.0  | 12.4  | 27.2  | 36.1  | 23.0  | 1.3  |
K2o | 0.0  | 33.5  | 17.5  | 24.8  | 22.4  | 1.9  |
Q2o | 0.0  | 44.2  | 6.9  | 30.4  | 16.7  | 1.7  |
J2o | 0.0  | 61.2  | 6.9  | 20.8  | 9.7  | 1.4  |
T2o | 90.7  | 9.3  | 0.0  | 0.0  | 0.0  | 0.0  |
92o | 100.0  | 0.0  | 0.0  | 0.0  | 0.0  | 0.0  |
82o | 100.0  | 0.0  | 0.0  | 0.0  | 0.0  | 0.0  |
72o | 100.0  | 0.0  | 0.0  | 0.0  | 0.0  | 0.0  |
62o | 100.0  | 0.0  | 0.0  | 0.0  | 0.0  | 0.0  |
52o | 88.1  | 11.9  | 0.0  | 0.0  | 0.0  | 0.0  |
42o | 100.0  | 0.0  | 0.0  | 0.0  | 0.0  | 0.0  |
32o | 100.0  | 0.0  | 0.0  | 0.0  | 0.0  | 0.0  |
22o | 0.0  | 7.8  | 25.5  | 35.9  | 29.0  | 1.7  |
set([])
